1 * [28(4)] {4}
1 * [1(1), 7(1)] {4}
1 * [17(1), 30(1), 35(2), 48(1)] {4}
2 * [2(1), 12(1), 51(1)] {4}
2 * [25(1), 35(1), 42(4)] {4}
2 * [16(1), 35(2), 48(2), 51(1)] {4}
3 * [3(1), 7(1), 52(1)] {4}
3 * [39(5), 45(1), 48(1)] {4}
3 * [18(2), 37(1), 45(1), 51(1)] {4}
4 * [2(1), 5(1)] {4}
6 * [3(1), 9(1), 49(1)] {4}
8 * [8(1), 18(2)] {4}
8 * [2(1), 15(1), 49(1)] {4}
8 * [2(1), 18(1), 41(1)] {4}
8 * [3(1), 35(1), 36(1), 48(1)] {4}
12 * [20(3), 48(1), 53(1)] {4}
13 * [2(1), 18(1), 51(1), 53(1)] {4}
14 * [30(2), 35(2), 48(1), 51(1)] {4}
23 * [48(10)] {4}
32 * [25(1), 35(1), 49(6)] {4}
66 * [3(1), 18(1), 47(1), 51(1)] {4}
2 * [2(1), 20(1), 40(1)] {4, 6}
2 * [35(2), 38(2), 48(1), 49(1), 50(1)] {4, 6}
4 * [18(3), 46(1)] {4, 6}
4 * [18(2), 29(1), 37(1)] {4, 6}
12 * [35(1), 44(4), 48(1), 50(1), 52(1)] {4, 6}
86 * [18(2), 29(1), 49(2)] {4, 6}
1 * [24(4)] {6}
1 * [3(1), 21(1), 40(1), 52(1)] {6}
2 * [3(1), 14(1), 50(1), 53(1)] {6}
8 * [2(1), 11(1), 52(1)] {6}
13 * [2(1), 40(3)] {6}
16 * [50(11)] {6}
19 * [4(2)] {6}
43 * [32(5)] {6}
47 * [2(1), 50(2), 51(3)] {6}

1 * [17(3)]
1 * [49(10)]
1 * [2(1), 31(2)]
1 * [3(1), 22(1), 30(1)]
1 * [27(3), 35(1), 51(1)]
1 * [3(1), 27(1), 49(2), 52(1)]
2 * [52(16)]
2 * [17(2), 39(2), 49(1)]
2 * [3(1), 19(1), 47(1), 49(1)]
3 * [1(1), 43(3)]
4 * [2(1), 19(1), 39(1)]
4 * [2(1), 23(1), 37(1)]
4 * [3(1), 13(1), 45(1)]
6 * [26(3), 44(2)]
6 * [2(1), 14(1), 49(1)]
7 * [2(1), 22(1), 51(2)]
9 * [49(7), 51(4)]
10 * [3(1), 10(1), 49(1)]
14 * [31(2), 35(2), 49(2)]
15 * [35(5)]
21 * [37(1), 45(6)]
22 * [33(5)]
29 * [2(1), 21(1), 39(1)]
60 * [2(1), 6(1)]
97 * [34(5)]

Optimal solution uses 803 bar(s) of material.
Optimal solution uses 61 cutting patterns.
Total waste is 22482 mm.
Utilization ratio is 99.0667 %.
Bar(s) count in 4 days is 330.
Bar(s) count in 6 days is 590.
